750
602
870
329
732
107
258
348
351
491
694
77
983
186
567
986
908
939
508
145
260
707
768
90
272
301
314
526
616
859
971
623
962
1
836
972
550
201
19
613
969
820
654
799
713
489
232
519
5
247
255
267
416
596
655
671
776
964
486
792
305
319
978
174
279
704
831
690
421
555
3
387
389
412
425
440
113
648
743
274
181
254
540
212
497
851
888
309
436
441
948
377
746
296
433
605
202
435
728
845
963
283
14
45
229
347
504
725
907
987
29
446
890
217
50
109
293
532
629
74
78
87
100
196
472
594
639
849
880
340
121
640
950
775
33
546
584
7
132
176
203
334
356
429
506
614
380
809
875
362
364
733
261
39
149
282
404
456
970
349
663
923
125
92
370
627
644
688
755
771
167
559
442
360
369
473
791
819
208
852
177
298
391
477
485
803
823
844
516
154
693
917
277
41
457
570
62
127
400
576
136
951
286
509
592
925
48
179
225
346
591
777
815
850
520
70
98
265
462
551
745
63
103
148
194
209
411
439
905
460
43
110
352
811
896
139
219
278
299
450
741
764
922
955
994
25
111
239
313
499
719
899
106
541
197
251
275
483
761
887
81
300
539
723
914
16
73
135
328
802
228
708
112
502
557
754
807
839
926
593
28
193
205
374
588
867
610
235
467
779
931
22
23
804
900
357
312
463
669
24
187
860
936
21
294
682
727
830
842
320
822
729
772
166
381
56
724
827
75
691
641
142
933
303
60
302
354
561
538
332
702
606
877
42
284
35
786
864
311
397
706
739
997
507
554
652
480
730
992
83
120
378
679
533
757
245
159
954
315
921
241
712
292
531
687
975
935
358
869
621
479
650
938
998
647
736
848
642
863
211
122
785
855
308
976
141
886
672
468
34
604
222
361
367
38
645
140
569
406
500
718
216
893
514
944
9
493
530
379
287
431
549
574
575
678
913
325
560
488
233
742
316
536
812
906
430
189
230
13
790
692
423
843
874
276
784
889
342
89
734
878
240
649
396
756
11
178
184
667
748
766
638
4
821
611
420
451
626
448
210
326
924
738
268
658
677
556
959
281
767
829
323
597
942
393
865
453
213
895
656
826
17
333
778
787
164
989
747
220
192
966
780
170
722
515
854
680
646
317
505
565
424 912
93 158
195 898
813 537
598 910
150 67
331 0
44 104
131 215
224 337
458 542
566 769
828 858
873 993
10 51
403 452
525 562
579 699
737 835
511 675
144 751
862 72
126 482
797 69
434 856
306 703
447 80
105 171
173 198
695 700
794 941
490 686
138 701
191 413
545 808
990 798
444 188
698 916
974 134
146 253
726 952
162 643
207 461
637 818
455 143
172 182
781 846
885 915
32 114
227 252
405 600
841 847
911 932
973 981
169 774
838 117
206 376
464 522
534 801
876 443
661 868
57 543
632 86
223 484
619 919
321 392
474 503
601 119
705 793
949 438
237 469
628 711
984 200
76 394
620 665
884 82
18 37
204 359
152 528
814 338
26 651
20 31
153 285
478 689
116 572
624 953
263 407
670 904
417 750
459 156
249 717
817 882
934 979
165 226
289 355
622 832
947 625
49 475
583 607
662 834
956 108
262 770
180 2
15 168
422 721
872 960
27 270
91 415
470 696
744 918
995 66
345 385
386 577
609 256
382 401
99 731
544 573
958 965
552 810
36 115
250 454
487 547
800 853
481 498
735 789
795 529
59 368
388 568
581 715
653 714
246 350
341 96
155 428
612 617
668 758
88 943
840 857
236 633
365 383
861 749
384 929
130 259
271 571
582 866
449 683
437 147
280 339
636 753
788 344
371 492
980 402
8 128
399 496
510 445
288 418
825 68
336 512
634 659
977 183
65 521
806 79
501 752
894 996
660 783
190 257
30 335
586 740
214 518
773 523
133 564
881 763
199 427
307 238
243 363
318 55
372 937
535 666
375 928
891 373
920 64
548 52
273 674
242 524
494 927
930 961
805 395
84 85
615 988
124 129
304 697
716 765
157 248
580 590
527 137
585 796
957 982
295 676
684 118
553 366
269 310
587 466
290 46
985 408
589 664
940 40
324 123
218 327
631 897
6 163
297 635
234 946
322 782
244 343
61 837
762 471
618 630
760 264
71 94
330 495
608 720
266 513
12 410
578 816
999 426
54 967
95 883
599 390
47 909
991 563
97 657
759 414
101 419
465 291
871 151
558 160
353 902
102 221
903 595
53 409
432 879
175 681
231 58
709 968
161 710
833 185
824 517
945 603
398 892
901 685
673 476
